0.02158814507261416
0.002843651400921876
0.0019388420169104026
0.008498929506021689
0.03433178944167537
0.04576083837553952
0.017560347327452677
0.04052160832170106
0.013920362841990698
0.003785760858594311
0.0057967612459108924
0.034393845422229445
0.015204040572483592
0.012667298092478362
0.0031858383623504793
0.009106061521174989
0.002355485662868464
0.009013377841147578
0.08186401356264242
0.002820406329539721
0.037126204376855154
0.02169546154635578
0.004450781048247448
2.5226363054462933E-5
0.0039056571126024676
0.03180147667322498
0.005862087026261306
0.003418880442672622
0.01550892461555486
0.010430570492632725
0.04196127253667353
0.05531504145261253
0.005808026560338452
0.014159789628396105
0.03204539146200911
0.019673661067223583
0.004203536001621305
8.068815019275562E-4
0.0018115490040442636
0.004823437880277452
0.005364533587771038
0.025872525748227012
0.004231826882768408
0.003283826311501388
0.008641064506929134
0.006837723770299878
0.0029209851092097117
0.030530281368657656
0.010351736426547315
0.007101363330108044
0.00577059727865505
0.021710998160733252
0.01611324006092886
0.009525851352229994
0.010381385513149913
0.003104433017747546
0.014754946376676664
6.31798740197838E-4
0.01985385526811323
0.0026304702024047793
0.009027232521224957
0.013007620676770859
0.008083885705206854
0.04334511242255976
0.006476746650772368
0.0012480585883625527
0.023931601651353156
0.014326245197058364
0.0010560231880963782
0.0017687754848279074
0.008710712428269462
0.0042583987403342375
0.03958899720717249
0.018296182698104402
0.008727897107994355
0.015896819963866368
0.015780045592012702
0.003214552846546782
0.00392641706511218
0.003061575133948113
0.0044635732910022555
0.0225884552060855
0.0018463461399754197
0.006673943326192074
0.0227678540362521
0.08224835072993276
0.004469758339005965
0.0034316434527287176
0.002813123521315975
0.001632828105237156
0.00477951797154082
0.001185972742329935
0.01230429690719025
0.02657547745146211
0.004161467739976686
0.003930039596045562
0.01429382669076639
0.0012606393354059298
0.006063831863817208
0.004886370410020034
0.0017401043217680175
0.004090199531814723
0.028996010224048942
0.0028146034080707913
0.009392647097768544
0.0058948415518337485
0.031585823921426136
0.0159384209373041
0.004061851580017265
0.004033261153713029
0.002839102170370086
0.0018376085815196147
0.020351718183106292
0.0022772131672965453
0.0088004898537168
0.013263055521132907
0.00506871245726134
0.00794765565088024
0.0638240936703345
0.01516134273969109
0.01392386660175262
0.04367172681439741
0.021443147843481333
0.01324576450326179
0.013411199653097625
0.001719244191950961
0.02752702889764914
7.562632086490632E-4
0.01546072963042169
0.017388960809558457
0.010880813838059115
0.027458387151835413
0.03173420605873711
0.020658606235106118
0.01919461981817322
0.027268021737148252
0.026601752846657827
0.009928021693638767
0.009508185473892376
0.005194098916294447
0.03235853891095328
0.007164077947519252
0.0024357115209108463
0.02259250109678696
0.011690161055559619
0.010138760632593708
0.008800076085678088
0.004825072732238376
0.021388056704960304
0.07814493500800676
0.008797944099976888
0.01360306397271172
0.01052027791880031
0.013979786132125308
0.0066671441826261155
0.010835505844658202
0.004123535926531127
0.005012113116329465
4.529978980154841E-4
0.0014872883020812548
0.006135965242837471
0.0028596121372387235
0.009755177774799792
0.0011802871417895021
0.0026979083875883483
9.000427217134236E-5
0.016467708308515013
0.02675793615105603
0.0027192381875455985
0.007548426997700347
0.01070660829592128
0.005535395228537258
0.009633153544065047
0.005223650300306848
0.006231612106523031
0.006957641852787838
0.014177565739090413
0.03853728960258389
0.0030012742463211657
0.010416956496151866
0.012616426279116163
0.0020779798562978683
0.00715568833436653
0.009498052579256297
0.001777025316952381
4.061944985239466E-4
0.0059832075600461014
0.0028923476724806644
0.0032311866537972954
0.0022179207187550225
0.0014407585433481548
0.029634140147585676
0.026851182889494358
0.015044520068048382
0.0016834504086784047
0.0012100409892336482
0.017995950078569415
0.004392185932565038
0.012995162743277026
0.04234977716628428
0.012864657144050681
0.02201455216432408
0.0016463647688049448
0.005455286891211145
0.015534340923038147
0.019066559437307083
0.043994494252918834
0.02441390085136351
0.028706372614104293
0.02224142875160022
6.236401746537833E-4
0.004322106629497607
0.0038557493443808102
0.007501669980291516
2.4968072118183415E-4
0.0020169487078656075
0.015318336759419793
0.011310729498096342
0.0044578465800472165
0.0036696452452938144
0.008241329357827206
0.0018327588650811067
0.011414710182495125
0.0010201816849308323
0.017664782969379362
0.009616046560863739
0.0392523197186732
0.009967635780007708
0.00788978944532627
0.004938502088668622
8.731067419749869E-4
0.032208950832191316
0.0038869102785629986
0.0063473716587784815
0.02807599839912379
0.0017114142148864264
0.013703957698147728
0.0035603977896776964
0.003390247829311856
0.033205956259890756
0.024194777384417762
0.01754414530823172
0.005558008770603327
0.042152921674451144
3.4502313767990623E-4
0.005775535050689975
0.0012006159736466207
0.0030490780276400246
0.0020369116044482447
0.007589494940861559
0.007686512922391274
0.020253802098164575
0.0168838876080842
0.01762361956658816
0.02942840344299277
0.002504720503687885
0.004749216323571393
0.011255492909419037
0.009887959563436423
0.030351037634151867
0.010050407440780512
0.015125877047139124
0.026982171695172735
0.008239964622761562
0.004711081074229294
0.011166872859411318
0.00181506578921217
0.006365242315923809
0.004331677334637886
0.024888927164935935
1.1809175628030443E-4
0.012573632175044239
0.01913911514821154
0.009141929855658294
0.002379768877388903
0.009762204727070126
0.04556555456521852
0.01007201892649
0.0032060575301724086
0.02266066939841436
0.02649876750230233
0.020893600628352178
0.00778506233784681
0.011437356619355986
0.0023283098673524158
0.04010555475285888
0.008723026951072285
0.009198587308905184
0.004642073075853757
0.027997186527709366
0.018612272939598124
0.0018432767358227465
0.0016321951753354503
0.014040967613522167
1.7852037643179068E-4
0.01126215049686047
0.010154803517799597
0.007822590294835879
4.868957088931931E-4
0.011515792461661914
0.010178248741117007
0.006625956890342896
0.006965222982484819
0.012974173607690898
0.02467618815019478
0.005758568712636366
0.007351130000356494
0.012101488378729793
0.06591283447158966
0.0019005810661978507
0.004544443001972622
0.007031698028013027
0.01684537377514317
0.007027885118881742
0.0022151711441766296
0.011704895682632806
0.006674023704029419
0.05393142942704008
0.0010516371116359288
0.005694327947992043
0.017514017916765608
0.009888694504177436
0.013355634465777283
0.0074666259656603045
1.904109663468911E-4
0.0032179572425414227
0.01756416343000608
0.03367830324384079
0.10687814300652916
0.03478900798394994
0.002657587708923923
0.0016247089110661822
0.061868657214105144
0.017217562323400427
0.015030444870362234
0.002867464487965442
0.01631068940574969
0.00947994244423057
0.0029648980535916533
0.063220447131137
0.005046111105489341
0.010346493238853135
0.003480345962492977
0.025360376565552414
0.00683082827092036
0.008496596641987514
0.02215081373439785
0.01815228701272454
0.015262810986033493
0.0035249047500210003
0.003938260927242326
0.007373868253049441
5.137257847324671E-4
0.020743739652283204
0.0032465812600966752
0.00618880166068013
0.01883614031747809
0.006196716237291715
0.027836163202052122
0.014334127993162589
0.03774221797869535
0.003490321021420367
0.005008505592239472
0.017091742283804633
0.016606061522756357
0.00591551910054484
0.007191899938111812
0.0024198056881047456
0.0025342295188989935
0.03282702011588113
0.00509541132355694
0.006526872452234958
0.001453456951264901
0.004078531011658241
0.04919531475728168
0.022708581134214898
3.858538241075774E-5
0.01398654519085386
0.007531882375852933
0.0816136875986124
0.007187100105210055
0.010235621864593205
0.0038158287577846396
0.010174424079225645
0.007576175283847836
0.010193334322851352
0.022447291743932805
0.0036689103197095206
0.028122864429328084
0.015491144415052935
0.010072178750966271
0.006796483055272879
0.07455879069841878
0.011215367649751538
0.006365379200127175
0.0017792554416513559
0.005754026842010976
0.005158052164185591
0.1129523073575548
0.004556877179738453
0.004175060828564459
0.003937726101690838
0.0027939427510853265
0.005055357986438452
0.006698566959793807
0.001678082809413294
0.017099764029445394
0.007284066636642117
0.023083394904685427
0.007621292011265083
0.008210519509590028
0.011413891291638056
0.0248802707122077
0.013736662561735554
0.0572443947225408
0.00952984052564773
0.01095258400829713
0.024379444280937645
0.008149520442525678
0.012896980846757174
0.008201193954105387
0.0011018316594571978
0.028013577657535645
0.008369320304177008
0.013711279214807097
0.0014501509932534446
0.02094589230011954
0.037060914967221276
0.008991538102605048
0.004114362247973637
0.0036931286038395465
0.020343131660804436
0.008545408977520718
0.0033979523911784296
0.02946462987994742
0.006206261403833032
0.003954237946615596
0.01356099237272921
0.007247711783810361
0.001011781253420877
0.007694990229581557
0.016525663131282436
0.014254315951683291
0.009713344140833512
5.5975017771112E-4
0.039688372559021474
0.006879182396747439
0.007005831728955799
0.006004040983751258
0.029304801549845143
0.012269438685113196
0.0035406379627886814
0.031526137954531776
0.026770633125520537
0.005017830982890098
0.006634013889757857
0.029033105836130987
0.0020508707211673183
0.03967223498770372
0.02311779865742338
0.003841534268527872
0.023257777682531306
0.005418678734869177
0.002036556328316679
0.003441362877563687
4.64763103876404E-4
0.009161807941973644
0.015273634478414124
0.002897988869142585
0.018352502801067642
0.009234595016337674
0.012670888464024112
2.9934195996000207E-4
0.011383135627131974
0.0038236933529232596
0.00815211847142924
0.0018390162746549836
0.008612298166849002
0.06082320479019639
0.03596011052993228
0.0032693868570026364
0.0015872917577046826
0.0012246968031171001
4.851440804463437E-4
0.06183177900231048
7.703977002571278E-4
0.02211197678240942
0.014582723932819579
0.003125909042430394
0.012057667658659657
6.56968009485197E-5
0.029733979297360994
0.0018483061341426866
0.0032982005962759013
2.2467945366844695E-4
0.002990892358145649
0.015579747377823529
0.0025912564854109676
0.014657677301061087
0.012740983738867792
0.022821184069532395
0.015099076723321508
0.02780140333211935
0.015136227587168004
0.0320048252642378
0.007218801789741634
0.005249482293286689
0.013921364396913716
0.018893273600750184
0.001461035476213025
0.012008796868983066
0.0017536057239290223
0.0050255509672167435
0.011236433553347185
0.005722041855233555
0.0107872302520539
0.001933319833996392
0.03029593858567349
0.009997362625305562
0.01727083084615803
0.01871403156678076
0.014675950567948891
0.02967021131586888
0.005929189162866848
0.0015163826653318887
0.0015409012833711548
1.0737581628355022E-4
0.007771583768807927
0.017786402310320047
0.007708806557402356
0.008537649681856076
0.018716500919888055
0.01847120835605625
0.001982938609735258
0.0025753621985775167
0.005251856046811862
0.0071495909189200095
0.0038551722439173503
0.00869190034575098
0.0036561113487640798
0.0232058940155781
7.264184447426366E-4
0.008527170331706932
0.004608656062959625
0.004446125753611922
0.011888890024034246
0.027048772642151924
0.008728478268026847
0.03980405621853952
0.0145723940870273
0.015382582460839674
0.003244669983806987
0.01988160768986372
0.022452171756486363
0.011880051792414796
0.007793603847967695
0.06585505258242277
0.016338269256275677
0.015169749389249195
0.010705987744487385
0.0033795545808873355
0.0024083322614695682
0.008869637153114736
0.001516861418346246
0.020248001742453385
0.01766365870700414
0.0035479985525311364
0.031079649262849673
0.03096410853105614
0.004284800617680848
0.01629194861126138
0.0221423369089962
0.007944591541776437
0.01272010477529361
0.012008639305218517
0.0030835999183128626
0.0011022291607221538
0.014385724657788953
0.02920682255503786
0.009420112348866437
2.1941674094769906E-4
0.01654158785335384
0.014645299821881176
0.008509049713289795
0.0051997211354764235
0.03760486615831371
0.013850210447413655
0.009853673109970653
2.8522014500922325E-4
0.0018195469100856744
0.05438170485790681
0.0035920083818822128
0.008873765871771518
0.01949073015186988
0.001521335386294941
0.01146498200221497
0.004613943402730925
0.013473641048931976
0.023531135643822854
0.002532645331045783
0.001365445869470549
0.016448075898899035
0.010567632983315017
0.0020144560040082932
0.0028936555934488896
0.0019035041136282436
0.0027743151572792633
0.009860785882505859
0.0015023415322358397
0.010948914126300132
0.0060758904703005255
0.007309676705434002
0.03492749756150406
0.018720563223046424
0.006660199798446439
0.004278522571544286
0.0028547040656643763
0.025205146449954034
0.03929261947753509
0.010351749839614548
0.01623950504574241
2.226107281958228E-5
0.013191102582272943
0.004277779671102605
0.0013066671100358572
0.009054699006978827
0.00224558391714247
0.014885676861903313
0.0320724967056239
0.009191395869533943
0.01496265813199423
0.015399355335589332
0.014408430153202399
0.02673321712456278
0.008985791013148156
0.0037518624931874253
0.010548353620911917
0.0035841184249536056
0.010640434343962769
0.008515275151429564
0.0122896925831842
0.0186384081196931
0.002719361879483023
0.007981529513536322
0.011219945319138674
0.007430193253041438
0.03571549794398501
0.024962071155124804
0.0016012842630837656
0.03817040628842396
0.017940093115932906
0.014098358664481173
0.0351116465854065
0.005262360384732606
0.009459515756451157
0.02382953503346705
0.02592042607016925
0.007478524681421049
0.015642372158186885
0.008715146442494727
0.007153936086489595
0.013181351806690045
0.014284730710979849
0.0067115007745090285
9.4568029362377E-6
0.008598791832236802
0.012480969144603431
0.014041772196181617
0.013252058339027267
0.005070253873245409
0.0012644740630525565
0.021101960245353844
0.0041012556109935846
2.8299484685692666E-4
0.012503512394184702
0.024596707305082028
0.014382856612188653
9.264741951312589E-4
0.005951948823050825
0.001357233830118499
0.0028101094569688632
0.0025573828075138184
0.030402535210545915
0.0019679661065031616
0.004807645656415736
0.011355656026061797
0.006307454009275495
2.86314840598949E-4
0.0011530771458182997
0.019861837509001275
0.0015250937597041613
0.027625288889383978
0.032049740340983374
0.0069154024078414075
0.00528951132766447
0.01040842613510858
0.00560923846123688
0.004064478588778543
0.008146461429254008
0.03428554742859958
0.0027646596507037587
0.004111458332803346
0.013577894605588366
0.0343794312153092
0.001927066794476633
0.005837507285513776
0.06654961766612545
0.016674665378766624
0.010242392524676602
0.01914459434815512
0.028775442680230627
0.0017217153041526767
0.01216612413185679
0.0037663937782599737
0.007910089893642521
0.010438917051122437
0.018989588125601396
6.43757159967308E-4
0.019961912727974995
0.01631286866839684
0.0010795983850579863
0.005663125334857638
0.008313185058791112
0.05762654792886788
0.003364270177961762
0.03957257787241591
0.013480101514404536
0.01922490849654059
6.668302078264285E-4
0.01962471587308102
0.0033952394897074434
0.007877903814196514
0.021550137664753506
0.008011821064958779
0.06675758740601327
0.007319419448888578
0.017121549397457705
0.00124106177623598
0.018075244501408474
0.002020007138291988
0.0027605921922681594
0.013777656323647684
0.002975940140050119
0.03898654181422462
0.009934575425205875
8.20891097062144E-4
0.005440817228573542
0.001328819292074343
0.006808408905467865
0.008961342975147864
0.0031761140903877544
0.011120389989021786
0.031147830241604217
0.005622283152114165
8.368381686915864E-4
0.033917567626576064
0.01143887345382556
5.388746314871255E-4
0.034792389782036366
0.008571700648941676
0.002622372781618722
0.007614906594580232
0.0017328265540937176
0.007941020939422044
0.006123672681238631
0.041067579546752817
0.017161184140422836
0.014546837850054981
0.00666243440057681
0.004608821594190989
0.009663136710744858
0.0091438521088853
0.010410356419770238
0.007577244708313008
0.0015087747198498627
0.010020843603326928
0.0059817458601615
0.00721052867011591
0.007921733599308891
0.005688067851264979
0.012071142017129067
0.03666850153717375
0.011599513811714413
0.0069049375440331014
0.00639574339185294
0.0060398166097595015
0.00439164074552411
0.01695220373176171
0.008995286440072917
0.004500252908502452
0.002513126510734661
0.00882910181921567
0.005014189191031457
0.032431333570820065
4.028260990910035E-4
0.0044899370304924925
0.022959326374928608
5.791019093716528E-4
0.003377571272027341
0.01965074206512301
0.06033401081498529
0.006890260919775533
0.015512745115761756
5.992759268885892E-4
8.355304218736289E-5
0.0035223278326250683
0.006254214532343061
0.11352368969388413
0.002079901658188862
0.04804531367566497
0.02887744851105662
0.001213273666284948
0.005446693815787646
0.02317476502315754
0.02513418556248144
0.016406519201464038
0.005691694369624519
0.01441133497386899
0.014673166199890451
0.011445170551522459
0.040509209626043687
0.010516213041783668
0.00835292301695038
0.027456921675059927
0.01292333800327133
0.014054687775359669
0.006713147069042191
0.0446999511286701
0.00147321002702585
0.03208331003839072
1.462327919763803E-4
0.021232653969403305
0.01678014885169296
0.0017047061657298646
7.568498473539021E-4
0.020003390900670603
0.0037875671972406075
0.011195347065456347
0.025709789366808795
0.0024243381872310803
0.0038425024510238526
0.0074508615325002674
0.008683855526031771
0.008888228410727226
0.023201843365782796
0.005695658195086145
0.04800921318527088
0.008118219405298279
0.002306867640880018
0.014313564786922585
0.004014468294955332
0.004864720160000639
0.022792920293862318
0.011888369080412532
0.019027229451648593
0.0015256125987580253
0.002501670453516526
0.017082322826151748
0.006323766783039236
0.03447853269005408
0.006742006884741329
0.014114923099262752
0.004380815650458968
0.0023416501071396563
0.004189862780083156
0.010205633689776884
0.02116574986637816
0.00950519459825627
0.003496037663649764
0.015586392261294522
0.025053258725824507
0.003903275000405061
0.0054763443315204805
0.05867285730020894
0.011005721089070962
0.009450570045142976
0.005408148943821879
8.867559173329263E-4
0.0011870681766649846
0.002656123783267873
0.007879138869058847
0.016749989258068938
0.002581717632317644
7.965302475583883E-4
0.00885829942922852
3.847354619874928E-4
0.02582272586256199
0.007338782551893008
0.009427376230009145
0.029233032529022575
0.0036785131929785485
8.690463762680501E-4
0.011723315416753935
0.009370213612045002
0.016247773289872418
0.005449154815983706
0.0032668959304288352
0.009926790816674618
0.014959738232945037
0.0032953694377200783
0.00940972486821105
0.001514566763060693
0.016681486511020166
0.03151178247288013
0.010207033906541733
7.760714611789794E-4
0.06561326427279318
0.01078975458725594
0.004683671929756345
0.018595932653130316
0.03276157383066869
0.004296927027449631
0.0017021581533646513
0.0019607148062045117
0.007825427969471452
0.004452659876993099
0.020884514329603567
0.008567600394656425
0.013669451369648599
0.007605267696611506
0.008186782079937685
0.036102651527243325
4.280508773341295E-5
2.197935600587502E-4
0.05810052258204562
0.0050390870352293
0.008905193841888297
0.019972566218193873
0.013132869481335237
0.006566024276978388
0.009341949331274867
0.013393949832809596
0.018193687558604302
0.006629354940486897
0.0180451404871269
0.0075086850959187965
0.029643479904030705
0.0028200211864119066
0.0073097674949590815
0.006323652366390869
0.014354139504594805
0.009656784302727177
0.008305297098837634
0.010829612038912407
0.01306729912217085
0.007646011089144707
0.0012054794070933885
0.04028795051385486
0.002706429746302406
0.04415547026170128
0.01161183113054747
2.1353415675402087E-4
0.0032017280902539883
0.0035844493183434423
0.005320911631881897
0.01547344882326825
0.005293111631068774
0.004400750614330552
0.014539931816760762
0.0015626613350220272
0.03882892900258717
0.017648450736713
0.025313484484894667
0.001068961017928896
0.009852648667743037
0.00320450256351931
0.003984206248063918
0.004706970146409711
8.653778274569097E-4
0.004706281994009663
0.022521262075441556
0.00340625414229095
0.008715084619150198
0.002033358940216873
0.03710876259415907
9.553628760243981E-4
0.00784849118285368
0.025277185207788454
0.008053887267893162
1.4278608706640283E-4
0.001836561277996189
0.013113225823256174
0.008151857345376106
0.007245863219581677
0.013286720512959801
0.012031707000481152
0.015067748471491584
2.80780091213297E-4
0.042664030306557216
0.03587993239950102
0.014136161888684924
0.011235766492202655
0.0019082502131328846
0.012697633506552971
0.06575690826196225
0.010825163992714028
0.005943115699563745
0.013613846367644275
0.0731786602864682
0.028800844299498016
Mean: 0.013179066968646467
Variance: 2.0390305220256038E-4
